Super,1,12.0
## Data generated the 2020-07-22 labelled Super (right hand) with a global accuracy higher than 12.0, based on OpenPose estimation.
## Data format: Coordinates x, y and accuracy of estimation a
#14.457307
x:0.3089525 0.29855502 0.1789845 0.090606235 -0.02896429 -0.23691307 -0.117342554 0.033420343 0.05941397 -0.27850282 -0.11214381 0.06981135 0.0750101 -0.24211182 -0.091348924 0.080208845 0.05941397 -0.18492582 -0.07055405 0.049016476 0.05941397
y:-0.100508526 0.12823503 0.41936332 0.61691463 0.8248634 0.15942729 0.102241404 0.102241404 0.12303628 -0.032925252 -0.079713754 -0.05372013 -0.027726505 -0.19928429 -0.2564703 -0.20448303 -0.15769452 -0.3396498 -0.4124318 -0.33445105 -0.27726504
a:0.39815828 0.55019754 0.74708766 0.7301964 0.7438055 0.81329405 0.80164677 0.7504325 0.4071535 0.818914 0.84876126 0.68165594 0.45307696 0.72287923 0.8918402 0.76907444 0.55622274 0.666595 0.82573944 0.7437343 0.53684086

#14.067722
x:0.2999388 0.2898285 0.15839471 0.052236617 -0.058976624 -0.22579643 -0.10952805 0.052236617 0.097732894 -0.26623756 -0.11458319 0.08762261 0.08762261 -0.24096185 -0.09941776 0.07245719 0.06740204 -0.18535519 -0.06908691 0.037071187 0.06740204
y:-0.11650894 0.12108286 0.39406076 0.6013217 0.7984724 0.14635868 0.110972576 0.110972576 0.12108286 -0.025516266 -0.0760678 -0.050792087 -0.015405983 -0.20244646 -0.24794275 -0.19233619 -0.15695019 -0.33893532 -0.38948673 -0.33388016 -0.25805303
a:0.4432981 0.46966 0.7139746 0.7436518 0.7319237 0.7960101 0.8195857 0.7467928 0.39424536 0.7729948 0.80459213 0.7744526 0.4222148 0.64202726 0.9017828 0.7107939 0.50120217 0.69565344 0.77358013 0.6696323 0.5396533

#14.231646
x:0.2922433 0.282141 0.15586318 0.044738516 -0.06638604 -0.23307282 -0.10679498 0.044738516 0.08009637 -0.26843068 -0.10174379 0.08514747 0.08514747 -0.23812401 -0.08153931 0.08009637 0.07504528 -0.17751059 -0.07143713 0.044738516 0.07504528
y:-0.115935065 0.12651852 0.39927888 0.6013235 0.7983171 0.15177408 0.11136513 0.10631404 0.11136513 -0.035117168 -0.08057732 -0.050270554 -0.014912803 -0.20180406 -0.2472642 -0.19675286 -0.15129292 -0.3381843 -0.38869542 -0.3280821 -0.2573664
a:0.38905793 0.4488231 0.710114 0.7633875 0.71689385 0.7434854 0.8064733 0.74584854 0.44955572 0.7521571 0.8011442 0.8669243 0.45468155 0.72058344 0.9498167 0.74930906 0.5123132 0.6854352 0.77466 0.6878503 0.5031309

#14.147584
x:0.29587373 0.27538452 0.14220482 0.039758887 -0.07293167 -0.24708982 -0.0934209 0.050003503 0.08073724 -0.28294587 -0.0934209 0.08585955 0.08585955 -0.24708982 -0.07805397 0.08585955 0.08073724 -0.18049991 -0.057564855 0.050003503 0.08073724
y:-0.11317834 0.14293651 0.41954058 0.61418784 0.7985906 0.14805882 0.10708046 0.101958156 0.11220277 -0.031221634 -0.072199985 -0.061955374 -0.026099326 -0.21050209 -0.24123572 -0.19001286 -0.1490344 -0.35392627 -0.39490473 -0.32831484 -0.27196956
a:0.33067313 0.4443137 0.6872626 0.74904233 0.70707244 0.7926707 0.8057761 0.74633884 0.36832866 0.7629834 0.77968055 0.84747195 0.42839018 0.73519725 0.90502304 0.80057204 0.5299831 0.7382166 0.82092106 0.6478503 0.51981664

#14.143487
x:0.29541886 0.26974082 0.1362155 0.03863923 -0.074343815 -0.24895395 -0.08461496 0.054046 0.079723924 -0.28490314 -0.07947944 0.08485955 0.089995176 -0.24895395 -0.074343815 0.08485955 0.0745883 -0.18732686 -0.05893704 0.054046 0.079723924
y:-0.11811856 0.13352545 0.41084749 0.6059999 0.7960168 0.16433899 0.10784753 0.09757627 0.10271189 -0.030813547 -0.071898244 -0.04622032 -0.020542292 -0.20542368 -0.24137275 -0.19515243 -0.1437966 -0.34922016 -0.40057623 -0.32354236 -0.2721863
a:0.34564728 0.42726392 0.7099497 0.7433993 0.67146707 0.73246485 0.8019106 0.7253442 0.3941866 0.7955243 0.8555933 0.8374087 0.41716424 0.74993 0.93534106 0.8224882 0.51333433 0.6942703 0.7940307 0.6911088 0.4856589

#14.136757
x:0.291366 0.2557331 0.12847257 0.016483245 -0.07005387 -0.23803781 -0.07005387 0.062297057 0.08265876 -0.27367082 -0.07005387 0.09283956 0.07756836 -0.25839952 -0.064963475 0.09283956 0.062297057 -0.192224 -0.05478267 0.057206657 0.07247796
y:-0.12677567 0.1328359 0.40771866 0.6113355 0.7945908 0.1531976 0.11756459 0.10229339 0.10738379 -0.030057644 -0.07078095 -0.05550975 -0.030057644 -0.19804148 -0.23876488 -0.19295119 -0.14713727 -0.3507541 -0.39147753 -0.325302 -0.2693075
a:0.3227861 0.46834442 0.7096541 0.7329899 0.69121915 0.7415119 0.8206007 0.7269381 0.32647657 0.8006587 0.8428675 0.87458706 0.3964144 0.75692123 0.92179155 0.8153857 0.48602983 0.76979935 0.82244503 0.6705592 0.43877715

#13.784684
x:0.26879787 0.23348671 0.11241953 0.026663624 -0.07422573 -0.250782 -0.064136766 0.0619749 0.07206377 -0.2860932 -0.054047797 0.097286075 0.08215273 -0.2558264 -0.04900342 0.09224159 0.07206377 -0.20033729 -0.038914453 0.07206377 0.08215273
y:-0.13523969 0.14220585 0.40451804 0.60629666 0.7929419 0.1573393 0.11193906 0.1018502 0.1018502 -0.029305957 -0.064617135 -0.05452827 -0.024261473 -0.20586225 -0.23108445 -0.18568432 -0.15037315 -0.34710717 -0.38241854 -0.32692942 -0.28152907
a:0.29257488 0.4315006 0.7076501 0.7473236 0.6796117 0.73753875 0.833687 0.71498954 0.34658933 0.8005464 0.8198529 0.8100661 0.39631858 0.75733346 0.90053827 0.7292509 0.45213267 0.75288135 0.7856904 0.6369883 0.4516192

#13.402073
x:0.2585184 0.21914297 0.101016715 0.012422017 -0.07125075 -0.26320603 -0.056484967 0.07148515 0.06656322 -0.29765952 -0.03187533 0.09609479 0.08625093 -0.26812795 -0.03679726 0.09609479 0.08625093 -0.20906483 -0.03679726 0.076407075 0.101016715
y:-0.15679869 0.128673 0.39937913 0.60117817 0.7783675 0.17297035 0.118829146 0.11390722 0.09914144 -0.028828677 -0.0682041 -0.04851639 -0.018984823 -0.20109604 -0.24047147 -0.1764864 -0.15679869 -0.33891 -0.3733635 -0.32414424 -0.27984688
a:0.19291873 0.334597 0.68568176 0.7575211 0.64764357 0.76520044 0.83592904 0.6789287 0.3507948 0.82012403 0.81550056 0.7602247 0.37404022 0.74864495 0.8479769 0.74894977 0.40048268 0.7419152 0.7858333 0.6594654 0.44969976

#12.101234
x:0.24924757 0.21670812 0.08190195 0.0028776794 -0.062201116 -0.2574376 -0.043607146 0.07260496 0.05865949 -0.29462552 -0.020364782 0.10049592 0.07260496 -0.26673457 -0.03431026 0.10049592 0.07260496 -0.20165579 -0.029661765 0.07725346 0.10514441
y:-0.17066602 0.10824331 0.39180103 0.58238906 0.73114055 0.1686736 0.122188784 0.1128918 0.094297834 -0.021914376 -0.059102215 -0.035859853 -0.012617391 -0.19855678 -0.22179925 -0.17066602 -0.14277507 -0.33801156 -0.36125383 -0.3101206 -0.26828417
a:0.1724945 0.24439372 0.61734253 0.6742245 0.28481737 0.75511384 0.8242464 0.6910999 0.2623848 0.76161367 0.8364748 0.65469944 0.3203616 0.69982165 0.81791794 0.6560204 0.3198592 0.6994333 0.7076593 0.66392803 0.43732616

#11.421173
x:0.13625318 0.13137865 0.08263386 0.0046422933 -0.014855522 -0.26345372 -0.029479012 0.09238282 0.06801047 -0.30244943 0.0046422933 0.11675527 0.07775943 -0.2732027 -0.0051065637 0.12650412 0.08263386 -0.22445787 -0.0051065637 0.09238282 0.10213178
y:0.1169874 0.20960236 0.41433027 0.6044347 0.69217527 0.17060663 0.10236402 0.09748948 0.07311714 -0.043870263 -0.092614956 -0.05361912 -0.029246774 -0.22422564 -0.25834695 -0.1998534 -0.17060663 -0.3704599 -0.40945575 -0.3363386 -0.29246846
a:0.062660985 0.16123384 0.60519093 0.59273666 0.11722532 0.7429931 0.82442427 0.6504669 0.28966063 0.7732329 0.8717351 0.60567164 0.32808456 0.73231775 0.77720726 0.5776492 0.29545343 0.72726834 0.74356496 0.6092492 0.33314702

#10.975956
x:0.17705768 0.119370244 0.06692711 -0.0064932685 -0.022226207 -0.2634645 -0.011737581 0.08266006 0.06692711 -0.305419 0.019728297 0.119370244 0.06692711 -0.27395314 0.009239671 0.12985887 0.06692711 -0.21102138 -0.0012489555 0.087904364 0.08266006
y:-0.20502757 0.20927307 0.4347785 0.6445509 0.73370427 0.19354013 0.13585268 0.12011974 0.09914249 -0.02672092 -0.06867543 -0.04245386 -0.02672092 -0.21027188 -0.24173775 -0.18929462 -0.15258443 -0.3728456 -0.40431145 -0.33089107 -0.2994252
a:0.075673014 0.178465 0.5959293 0.5598351 0.10373754 0.69687015 0.78598297 0.6042932 0.3768936 0.7456759 0.8942963 0.51146364 0.3277082 0.7442583 0.7675068 0.4389522 0.27053225 0.7149745 0.7163073 0.53470033 0.33189964

#11.534225
x:-0.31239942 -0.24812685 -0.11958188 -0.03235498 -0.027764047 -0.11040018 0.20178062 0.109962784 0.008963087 -0.11040018 0.22932589 0.119144484 0.008963087 -0.14253637 0.19259875 0.119144484 0.018144788 -0.11958188 0.109962784 0.082417354 0.02273572
y:-0.16505349 0.055309236 0.30321747 0.57408005 0.78067017 0.151718 0.105809085 0.105809085 0.08744552 -0.008963249 -0.04569038 -0.031917665 -0.031917665 -0.1604627 -0.19259891 -0.16964442 -0.15587178 -0.29818937 -0.31655294 -0.29818937 -0.2890077
a:0.35284525 0.40447927 0.31904706 0.5297329 0.39618096 0.66863346 0.79801834 0.49515834 0.3632741 0.6370499 0.84889394 0.45980686 0.41642803 0.694859 0.86334485 0.49066323 0.41309908 0.6777774 0.6877935 0.57774496 0.43939558

#11.877379
x:-0.3473309 -0.26912552 -0.13356964 -0.044936903 -0.018868499 -0.10750124 0.23660219 0.12190105 0.012413584 -0.12314228 0.25224322 0.12711473 0.028054625 -0.15442437 0.21053378 0.1323284 0.022840945 -0.13878332 0.11147369 0.06976407 0.012413584
y:-0.15219001 0.08242586 0.3535376 0.6090084 0.7862738 0.15541747 0.108494356 0.113708034 0.108494356 -0.016634153 -0.053130005 -0.03227528 -0.037488963 -0.17825842 -0.204327 -0.1834721 -0.17304474 -0.31381446 -0.34509656 -0.31902814 -0.3086006
a:0.33927083 0.39441225 0.420955 0.55212784 0.54861045 0.7162428 0.8040912 0.51992494 0.37934896 0.6579218 0.8382375 0.5096683 0.43840587 0.6727553 0.81001776 0.48829424 0.40941218 0.7000384 0.69085354 0.55477864 0.4320112

#12.63223
x:-0.35977408 -0.25910798 -0.12665251 -0.0524774 -0.036582824 -0.10545962 0.23892453 0.12236366 0.011101086 -0.11075793 0.25481895 0.1329601 0.016399395 -0.14254709 0.21243334 0.12236366 0.011101086 -0.13195081 0.11706553 0.07467975 0.011101086
y:-0.14633173 0.086789854 0.36759534 0.6113134 0.79145277 0.15036853 0.10798275 0.11328097 0.11328097 -0.019174492 -0.056261957 -0.035069156 -0.029770937 -0.18871734 -0.21520853 -0.1834192 -0.1622263 -0.33176923 -0.3529621 -0.31587467 -0.3052782
a:0.38911706 0.44604877 0.58777255 0.7078216 0.75990725 0.7415208 0.77045345 0.50133574 0.3786795 0.66972834 0.89263 0.52379876 0.42171344 0.7042662 0.8522854 0.52102894 0.4444974 0.6740162 0.6930021 0.5421802 0.41042823

#12.278787
x:-0.3813432 -0.25380692 -0.14221282 -0.05718875 -0.03593273 -0.08907278 0.25102368 0.12348758 0.02783532 -0.099700786 0.2669655 0.1288014 0.0012652983 -0.13689882 0.22976767 0.1288014 0.011893307 -0.14752683 0.10754538 0.070347354 -0.004048706
y:-0.121209964 0.1126064 0.39424872 0.62806505 0.80874133 0.14449042 0.09666439 0.117920406 0.09666439 -0.030871805 -0.06275583 -0.052127823 -0.025557801 -0.19560602 -0.21686205 -0.18497802 -0.169036 -0.34439814 -0.36034015 -0.32845613 -0.30720013
a:0.40612975 0.45995846 0.5175338 0.6925267 0.73094416 0.7332667 0.77636003 0.44835484 0.37478605 0.6443466 0.81787956 0.47997308 0.4140994 0.647274 0.8228704 0.5039541 0.46914795 0.6991568 0.69507957 0.53463286 0.41051233

#11.581105
x:-0.42610633 -0.27583808 -0.15465403 -0.0819434 -0.043164402 -0.06740145 0.25737217 0.14103517 0.034393255 -0.0819434 0.26221937 0.14103517 0.0053090053 -0.11587503 0.21859317 0.12649322 0.015003756 -0.15465403 0.11195126 0.07317226 0.015003756
y:-0.12372326 0.113797694 0.3852501 0.60822886 0.7730392 0.14772923 0.10895032 0.10410294 0.10410294 -0.021928553 -0.046165343 -0.046165343 -0.021928553 -0.19158633 -0.20612846 -0.19158633 -0.16250208 -0.34185463 -0.3515494 -0.3273125 -0.31277037
a:0.32758403 0.42432618 0.5631008 0.69760334 0.71867716 0.72826874 0.76630473 0.40821996 0.31712708 0.5953484 0.8352165 0.45699602 0.36146483 0.6142558 0.7893854 0.4550641 0.4150063 0.5921542 0.6621444 0.49009362 0.3627638

#10.797263
x:-0.43926004 -0.28430852 -0.16809468 -0.07609229 -0.03251209 -0.047038823 0.2677069 0.15633543 0.04980594 -0.06640756 0.2725489 0.14180869 0.0062257424 -0.10514575 0.2338111 0.112755224 0.0062257424 -0.17293705 0.112755224 0.04496393 -0.0131429965
y:-0.0959223 0.13166288 0.39798605 0.6110446 0.8047341 0.15103188 0.10745168 0.09776722 0.08808276 -0.028131003 -0.047499917 -0.047499917 -0.023288729 -0.19760942 -0.21213615 -0.19760942 -0.16371377 -0.35256094 -0.36224547 -0.34771875 -0.3138231
a:0.3160093 0.41299534 0.5219653 0.5393976 0.4768035 0.6885328 0.7280999 0.39895672 0.3163449 0.57927996 0.82951635 0.45378238 0.385919 0.6343861 0.76934665 0.44777465 0.3881661 0.54551035 0.5818322 0.47088462 0.3117587

#11.572883
x:-0.47201067 -0.28013113 -0.1678111 -0.074211225 -0.027411291 -0.032091253 0.24402839 0.14574857 0.056828655 -0.050811425 0.24870835 0.13638832 0.0053487616 -0.08825111 0.21126834 0.11766847 0.010028722 -0.13973133 0.10362859 0.066188574 -0.01337141
y:-0.12881131 0.1192284 0.37662804 0.5825477 0.7557075 0.13326837 0.105188355 0.09582844 0.09582844 -0.030531403 -0.05393137 -0.049251407 -0.011811478 -0.18497117 -0.20369117 -0.1802912 -0.15221128 -0.33005095 -0.33473104 -0.3113311 -0.2926111
a:0.28335482 0.3904923 0.6338557 0.70431536 0.63756186 0.71575236 0.76396394 0.33476475 0.28440106 0.6510146 0.8128799 0.48804474 0.386006 0.68410933 0.8168519 0.46701244 0.40729567 0.5762415 0.6591435 0.49450317 0.38131765

#11.391779
x:-0.4964096 -0.28567594 -0.17806716 -0.07494197 -0.039072484 -0.034588877 0.23443294 0.15821035 0.0640527 -0.039072484 0.24340047 0.14027528 0.005764541 -0.07494197 0.20304705 0.13130808 0.02818289 -0.14219734 0.1044058 0.046117634 0.005764541
y:-0.12725157 0.13280289 0.3749225 0.5811725 0.7470694 0.1283192 0.09693331 0.09244963 0.09693331 -0.037577596 -0.051028654 -0.037577596 -0.01964285 -0.18553956 -0.19450709 -0.17208858 -0.15415367 -0.32453424 -0.3335016 -0.32005048 -0.29314834
a:0.32380527 0.40780786 0.63707995 0.69364774 0.6536912 0.71475226 0.7789637 0.33949798 0.27268207 0.64304996 0.87988734 0.45122197 0.38294396 0.68304026 0.7847675 0.46696514 0.42618886 0.5138564 0.58376104 0.4443176 0.30985203

#11.588129
x:-0.50463367 -0.3042644 -0.18404265 -0.07717909 -0.041557793 -0.01929469 0.24341191 0.15881146 0.069758385 -0.032652553 0.24341191 0.13654836 0.011873986 -0.06827385 0.19888538 0.123190165 0.025231848 -0.12170563 0.078663625 0.06530576 -0.0014838772
y:-0.120221585 0.14248493 0.36957026 0.57439226 0.7524983 0.129127 0.0979584 0.0979584 0.10686372 -0.035621133 -0.0578844 -0.04897916 -0.017810566 -0.18255877 -0.20482203 -0.17810614 -0.15139009 -0.320591 -0.3473069 -0.3161384 -0.28942233
a:0.36772138 0.39324602 0.646307 0.75254464 0.69620454 0.7193265 0.76229113 0.33585852 0.25421557 0.6770002 0.8343397 0.47421682 0.376813 0.70061004 0.80821526 0.4563514 0.38327253 0.59206367 0.54745173 0.48375446 0.32632506

#11.88377
x:-0.5102726 -0.30825487 -0.18528774 -0.07988722 -0.0315786 -0.00083658047 0.22753139 0.15287256 0.073821925 -0.014011687 0.23192288 0.12652235 0.012338526 -0.053537004 0.18800607 0.108955756 0.021121822 -0.10184562 0.09578065 0.06503863 -0.018403495
y:-0.14388028 0.12840457 0.3611642 0.5587903 0.72567457 0.12840457 0.0976628 0.09327107 0.10644618 -0.03847967 -0.04726305 -0.04726305 -0.01212946 -0.17901379 -0.19658054 -0.17462198 -0.14388028 -0.3151562 -0.32393947 -0.29758942 -0.28002268
a:0.3619979 0.37582108 0.656295 0.7374929 0.6955942 0.73072875 0.773773 0.2921973 0.23192403 0.6575667 0.8162393 0.47174087 0.42024112 0.72549975 0.8195759 0.48167947 0.4439088 0.6044836 0.6618976 0.50921786 0.41589487

#11.817956
x:-0.5222812 -0.3297815 -0.20144847 -0.10061509 -0.041031905 -0.004365224 0.23855104 0.16980118 0.073551305 -0.008948726 0.23855104 0.1331345 0.018551284 -0.050198574 0.19271769 0.12396783 0.027717955 -0.10519859 0.09188464 0.059801467 -0.004365224
y:-0.12876968 0.13706325 0.37997958 0.5724793 0.74206245 0.1324799 0.09581331 0.10039665 0.10956332 -0.037103154 -0.05085316 -0.041686486 -0.018769896 -0.18835305 -0.19751954 -0.1700197 -0.16085303 -0.32126942 -0.3441861 -0.31210276 -0.29835275
a:0.36210752 0.42622107 0.64097595 0.7148444 0.488516 0.7314775 0.7714935 0.32755464 0.24983743 0.6941226 0.8631402 0.4660556 0.39014068 0.70929635 0.8362794 0.49632895 0.43576646 0.61389625 0.68689317 0.52540904 0.38759875

#11.606333
x:-0.51531285 -0.29915154 -0.1910709 -0.08299058 -0.046963476 -0.015440092 0.24125135 0.15568765 0.07012394 -0.01994348 0.24125135 0.13317071 0.011580233 -0.06497703 0.2007212 0.12416393 0.025090067 -0.13252752 0.09264055 0.074627005 -0.0019299292
y:-0.12523621 0.15397201 0.3791399 0.56828105 0.743912 0.13145524 0.09092499 0.09993169 0.11344177 -0.035169117 -0.0531825 -0.04417573 -0.017155567 -0.1927867 -0.20179331 -0.17477314 -0.16126315 -0.3233841 -0.3413975 -0.31437734 -0.29636395
a:0.33944294 0.4034921 0.6625863 0.768379 0.6620291 0.7251886 0.7912376 0.3349937 0.2564454 0.6317258 0.8748299 0.45982358 0.3654798 0.66729563 0.83283114 0.45604917 0.41515386 0.57868075 0.58709 0.46919537 0.32438412

#12.059514
x:-0.48172382 -0.29011035 -0.17710787 -0.064105056 -0.019886559 -0.034626056 0.2552504 0.15698741 0.063637264 -0.05427872 0.26016358 0.14224792 0.009592437 -0.09849721 0.21594507 0.12750842 0.024331935 -0.1721947 0.09802943 0.048897766 -0.0100602275
y:-0.09592377 0.1448211 0.39047924 0.6017452 0.778619 0.13008161 0.1006027 0.1006027 0.11042903 -0.04679211 -0.05661844 -0.032052614 -0.02222628 -0.20401342 -0.21383975 -0.18436076 -0.16962126 -0.33666873 -0.36123458 -0.33175558 -0.30227658
a:0.33959827 0.49016064 0.6939775 0.747374 0.7545152 0.71855444 0.7952384 0.3474679 0.27296662 0.6869251 0.8712665 0.4659073 0.38969165 0.7169311 0.8256646 0.48051497 0.45975256 0.5833967 0.60759723 0.47228265 0.3397305

#11.173593
x:-0.47729492 -0.2598918 -0.16024847 -0.051547084 -0.015312962 -0.04248839 0.24285328 0.1386809 0.05715463 -0.051547084 0.2473823 0.13415156 -0.0017255734 -0.10136859 0.20209013 0.12509319 0.020920834 -0.16930716 0.0888594 0.07980071 -0.006254595
y:-0.1214268 0.12768108 0.38131812 0.5987213 0.74818605 0.12315181 0.0914472 0.0914472 0.0914472 -0.035371333 -0.06254676 -0.044429865 -0.017254436 -0.18030684 -0.20748226 -0.1757775 -0.14860223 -0.320713 -0.3388299 -0.3161838 -0.2844792
a:0.24858594 0.419231 0.6098155 0.73053116 0.64536643 0.70984936 0.76173097 0.3701814 0.29066974 0.5977974 0.85330856 0.48446485 0.36635333 0.6601533 0.8479884 0.44331 0.35938358 0.57017744 0.4386235 0.48408026 0.28199124

#11.307498
x:-0.44478795 -0.2835805 -0.14607988 -0.041769113 -0.022803612 -0.055993322 0.24745606 0.138404 0.04831744 -0.070217535 0.26168028 0.13366237 0.015127728 -0.11289017 0.21426634 0.10995557 0.0056448095 -0.1745283 0.10047266 0.06254165 0.015127728
y:-0.10431085 0.12327618 0.38879448 0.6163816 0.7870719 0.14224185 0.099569224 0.094827846 0.08534501 -0.028448505 -0.056896925 -0.056896925 -0.033189964 -0.18965611 -0.20388016 -0.1943974 -0.16120769 -0.32715657 -0.3461221 -0.32715657 -0.3081909
a:0.3159963 0.37103224 0.57623255 0.6793401 0.65961176 0.723666 0.7493874 0.36950782 0.29828775 0.6081623 0.7941768 0.4684466 0.37407893 0.6603652 0.76689076 0.46616763 0.41803002 0.59533894 0.59774077 0.48922148 0.32581735

#11.329955
x:-0.4127944 -0.25479883 -0.14946872 -0.03360506 -0.0072724945 -0.081004046 0.2613197 0.1454564 0.045392644 -0.09680359 0.27185273 0.14018989 0.019060073 -0.14420222 0.21918759 0.12439035 0.013793561 -0.19160065 0.09805778 0.04012613 -0.0072724945
y:-0.07423268 0.14169446 0.42608628 0.6630795 0.8263415 0.14169446 0.099562354 0.099562354 0.099562354 -0.032100577 -0.06896617 -0.05316663 -0.032100577 -0.20062919 -0.2374948 -0.2058957 -0.16902994 -0.3533581 -0.38495716 -0.36389112 -0.32175902
a:0.38198105 0.46598446 0.53744507 0.6687888 0.6868398 0.70936054 0.737478 0.39597744 0.31658238 0.6090776 0.82822 0.45292544 0.3769416 0.582187 0.81391937 0.4373672 0.36293605 0.602047 0.57949257 0.49186504 0.2925388

#11.5543785
x:-0.38617268 -0.25083867 -0.12591499 -0.04263253 -0.006196363 -0.094684064 0.25926656 0.12913781 0.025034375 -0.11029944 0.28008717 0.13434288 0.00941919 -0.15714592 0.21242027 0.13434288 0.019829314 -0.17796652 0.108317204 0.04585499 -0.006196363
y:-0.082786806 0.13062458 0.411703 0.6407297 0.8333205 0.15665035 0.10459881 0.10980397 0.099393666 -0.025530027 -0.07758156 -0.05676095 -0.030735271 -0.1973002 -0.24414666 -0.20250544 -0.16606927 -0.3430445 -0.37427542 -0.35866004 -0.32742912
a:0.38670343 0.47613412 0.55557185 0.67543197 0.6229504 0.69130725 0.6990929 0.44650272 0.34175587 0.56906533 0.84485483 0.46417186 0.38667646 0.6018832 0.8118068 0.45234466 0.36744738 0.6433787 0.6490688 0.50461316 0.36361647

#11.850304
x:-0.34953827 -0.2409394 -0.107658714 -0.018804977 -0.00893232 -0.102722384 0.2428199 0.12928435 0.020685475 -0.11259504 0.25269255 0.12928435 0.010812818 -0.15208566 0.19839294 0.12434802 0.010812818 -0.16689464 0.09473022 0.055239774 -0.00893232
y:-0.12646377 0.09073423 0.37210435 0.6090476 0.8015639 0.15984266 0.09073423 0.1006068 0.09567056 -0.017864816 -0.06722801 -0.04254637 -0.027737385 -0.18076321 -0.22519016 -0.18569954 -0.15114541 -0.31898022 -0.35353434 -0.31898022 -0.30417123
a:0.38773125 0.45777673 0.46367303 0.68383664 0.6450509 0.72400206 0.76919353 0.4655081 0.36138922 0.58621436 0.8565017 0.4608243 0.4130126 0.6371828 0.83420587 0.47097984 0.3793124 0.68142426 0.65901124 0.5116711 0.40180206

#12.654341
x:-0.32230008 -0.21529126 -0.09758172 0.0040766587 0.0040766587 -0.1082826 0.22344458 0.1003846 0.0094271 -0.12433393 0.23414546 0.11643592 0.0094271 -0.15643658 0.1913421 0.11643592 0.0094271 -0.1457357 0.08968372 0.05758107 0.0040766587
y:-0.1452261 0.10089401 0.35236466 0.5931344 0.7857502 0.15439843 0.09554357 0.11159489 0.11159489 -0.01681561 -0.064969495 -0.043567818 -0.022166051 -0.17197832 -0.22548273 -0.1826792 -0.155927 -0.31644022 -0.34854287 -0.31644022 -0.29503846
a:0.40508533 0.4595312 0.5593013 0.7183688 0.71236026 0.7172806 0.80849576 0.5223175 0.37096554 0.6670958 0.8639307 0.5212217 0.45417187 0.6870904 0.8250534 0.5400321 0.4794161 0.67966926 0.709118 0.5442459 0.40958974

#12.130303
x:-0.30530062 -0.22362797 -0.08070058 -0.014341458 0.016285814 -0.11643242 0.22557214 0.108167626 0.011181239 -0.13685073 0.2357813 0.113272205 0.011181239 -0.167478 0.1898403 0.113272205 0.016285814 -0.1470597 0.08774933 0.06733121 -0.0041324855
y:-0.15799786 0.08702031 0.3524567 0.5923704 0.7812386 0.1635885 0.09722937 0.11764758 0.09722937 0.00024297812 -0.07122063 -0.04569793 -0.030384293 -0.16310245 -0.22435698 -0.18862514 -0.15799786 -0.30602983 -0.33155254 -0.3162388 -0.29582068
a:0.36994323 0.39142194 0.43654358 0.6590079 0.660944 0.64516073 0.7745106 0.5325736 0.35975945 0.6948368 0.81964815 0.4906242 0.41553736 0.71742886 0.8393238 0.51380765 0.44292158 0.6566778 0.71433884 0.5741122 0.4211804

#11.017726
x:-0.25733513 -0.16954385 -0.07199793 0.010916058 0.010916058 -0.11101637 0.20113039 0.09382988 -0.013470461 -0.13052541 0.2060077 0.1133391 0.0060387547 -0.15491194 0.14748022 0.10358449 0.015793191 -0.14028002 0.049934316 0.06456623 0.025547799
y:-0.16513108 0.0689789 0.28845698 0.5615853 0.78594077 0.15677011 0.093365334 0.11287446 0.107997246 -0.004180485 -0.052953437 -0.033444222 -0.013935093 -0.16025378 -0.20414951 -0.17488569 -0.14562204 -0.2870635 -0.32608178 -0.32120445 -0.2870635
a:0.38926876 0.30265847 0.43653587 0.6109646 0.45201927 0.53421736 0.71990496 0.45083922 0.35950658 0.7181146 0.77283514 0.46545288 0.36669207 0.7117433 0.6472553 0.47678244 0.33703208 0.6645168 0.5607348 0.6997137 0.34093738

#8.300406
x:-0.2610882 -0.16489789 -0.10831525 0.027482916 0.038799364 -0.13660668 0.23118018 0.123673216 -0.00080850325 -0.13660668 0.22552185 0.106698446 -0.017783275 -0.15923956 0.17459753 0.106698446 -0.00080850325 -0.17621434 0.044457685 0.07840723 0.0048498204
y:-0.16274224 0.08056277 0.31255135 0.65204674 0.7086293 0.20504439 0.12582886 0.14846185 0.13148709 0.01832201 -0.06089362 -0.049577076 0.0013472389 -0.15708393 -0.224983 -0.20235011 -0.18537535 -0.32683164 -0.34946474 -0.34380642 -0.32117352
a:0.2349003 0.20864034 0.29221472 0.20120735 0.022376886 0.49163765 0.5905986 0.36691442 0.2975253 0.6527913 0.5203099 0.31680974 0.2329211 0.7348371 0.55083436 0.36003247 0.29364052 0.6485028 0.45226067 0.5623456 0.26910517

#8.482537
x:-0.21486409 -0.13921128 -0.09598127 0.033709154 0.06072786 -0.13921128 0.22824459 0.10395807 -0.020328457 -0.14461517 0.21203329 0.10395807 -0.020328457 -0.16623019 0.18501459 0.08774677 -0.014924754 -0.16623019 0.08774677 0.03911286 -0.020328457
y:-0.16777404 0.08620281 0.30235335 0.610368 0.7886922 0.18887433 0.10781791 0.12943292 0.113221616 -0.00025740807 -0.048891317 -0.021872511 -0.00025740807 -0.17317794 -0.22181185 -0.19479294 -0.16237034 -0.32988706 -0.35690597 -0.34069467 -0.30827206
a:0.19544038 0.16236399 0.23296441 0.40641785 0.12112221 0.3534671 0.54089457 0.36661038 0.27006906 0.55193 0.6628924 0.3430759 0.28155613 0.6527578 0.58987683 0.39504972 0.34327418 0.65095353 0.45253012 0.5601109 0.3491799

#9.129906
x:-0.12901826 -0.12397285 0.0475712 0.04252579 0.032434963 -0.15929075 0.18379755 0.082889095 -0.01801917 -0.1794724 0.1989338 0.08793451 -0.028109998 -0.19460863 0.15352507 0.082889095 -0.01801917 -0.15929075 0.04252579 0.052616615 0.002162483
y:-0.16914152 0.08312924 0.34549084 0.5775799 0.7793966 0.18908292 0.098265484 0.123492554 0.12853797 -0.0026428762 -0.06318784 -0.017779116 -0.0026428762 -0.16914152 -0.21959564 -0.18932317 -0.15905069 -0.3205041 -0.355822 -0.34573117 -0.31041327
a:0.08266165 0.11313104 0.28282362 0.63392913 0.6698857 0.50895476 0.57902336 0.33820492 0.19947714 0.64326817 0.71291214 0.29111603 0.21802375 0.69434345 0.6422569 0.36393338 0.27665943 0.64040726 0.44979358 0.5326803 0.2564205

#9.56654
x:-0.22072653 -0.1306702 0.09711966 0.07063244 0.03884778 -0.1677521 0.16598621 0.11830943 -0.0035315598 -0.21013165 0.20306832 0.113011986 -0.0035315598 -0.22072653 0.16068877 0.102417104 -0.024721334 -0.19953676 0.03884778 0.065335 0.0070631197
y:-0.04767699 0.095353775 0.3549282 0.6039077 0.83699495 0.20130254 0.105948664 0.1112461 0.105948664 -1.036195e-07 -0.06886666 -0.052974433 -0.042379547 -0.19070786 -0.23838465 -0.20659998 -0.16422065 -0.32844117 -0.37082052 -0.37082052 -0.33373863
a:0.056852084 0.111436754 0.377832 0.6022516 0.5692202 0.64111716 0.66630095 0.40042683 0.24085402 0.7141524 0.7207368 0.33472925 0.24508464 0.70184803 0.6643833 0.38038957 0.28260255 0.6049106 0.46935597 0.5190999 0.262955

#11.123564
x:-0.28387448 -0.17722116 0.07537906 0.036085743 0.008019029 -0.22212777 0.09783247 0.13712579 0.11467237 -0.27826118 0.09221895 0.1651925 0.07537906 -0.28387448 0.07537906 0.1708058 0.12028567 -0.23896788 0.019245625 0.1315125 0.1651925
y:-0.04410466 0.1018421 0.38812232 0.6351091 0.8203492 0.22533545 0.09622869 0.09622869 0.09622869 0.0064153587 -0.0890115 -0.072171375 -0.038491365 -0.18443802 -0.25741157 -0.19566484 -0.17321141 -0.347225 -0.39213163 -0.3584516 -0.31354478
a:0.06617531 0.10751378 0.39358175 0.55566025 0.23976402 0.69479775 0.705563 0.5239203 0.32002372 0.80373335 0.81264246 0.47214 0.30089855 0.7729602 0.792124 0.55597925 0.38373822 0.709629 0.7040467 0.6957374 0.5129336

#10.932099
x:-0.26178968 0.10904205 0.06268813 0.0070633497 -0.04856143 -0.21080033 0.03951117 0.09050052 0.06268813 -0.26178968 0.03487574 0.13685444 0.11367748 -0.26178968 0.02096964 0.15076073 0.15539616 -0.22470644 -0.01147818 0.12294834 0.1739377
y:-0.041497797 0.09292872 0.30152166 0.5147499 0.67698884 0.17173046 0.06975176 0.08365796 0.09292872 -0.009049976 -0.083216384 -0.04613313 -0.027591601 -0.15738279 -0.22691366 -0.15274736 -0.11102868 -0.28717387 -0.33816323 -0.29644454 -0.22691366
a:0.07080603 0.127827 0.44816735 0.54112697 0.42575777 0.69869316 0.75458276 0.3651255 0.20721084 0.79777217 0.80442387 0.4715187 0.26789257 0.76813895 0.7541257 0.60579276 0.4158525 0.67401016 0.66767186 0.61481786 0.45078444

#11.142014
x:0.13305426 0.118085444 0.06819018 0.003326098 -0.05654831 -0.2611197 -0.0066530397 0.0632005 0.05821104 -0.3160045 -0.0066530397 0.118085444 0.15301232 -0.3160045 -0.02162164 0.14802286 0.19292866 -0.2710986 -0.051558845 0.088148244 0.16299146
y:-0.19126603 0.078169316 0.30269864 0.5421966 0.76173633 0.20789737 0.098127484 0.10311695 0.09313792 0.008315667 -0.07650648 -0.046569273 -0.0016633654 -0.15633915 -0.2261927 -0.1663183 -0.11642282 -0.2860673 -0.3509312 -0.3160045 -0.26111957
a:0.102090076 0.2429539 0.5548929 0.63595456 0.6051685 0.7154728 0.7241098 0.46444517 0.23931882 0.78365004 0.79283124 0.4248728 0.33124277 0.7445882 0.7493272 0.43131468 0.39600113 0.66957855 0.6541884 0.5481076 0.33190385

#10.301363
x:0.13739946 0.15280196 0.08092393 -0.0012223548 -0.057697885 -0.2630637 0.0039116656 0.03985068 0.024448399 -0.3144052 -0.0063565923 0.08092393 0.20414346 -0.30413684 -0.02689311 0.11686294 0.21441172 -0.25792968 -0.057697885 0.07578969 0.15793598
y:-0.08361324 0.10121595 0.31685004 0.56328887 0.778923 0.21416712 0.09608182 0.09608182 0.09608182 0.01393554 -0.07334498 -0.037405968 -0.037405968 -0.15549126 -0.23250331 -0.1965643 -0.16575952 -0.29411307 -0.36085707 -0.33005208 -0.30951557
a:0.14456315 0.35976768 0.56605566 0.6764522 0.6664298 0.7235051 0.7616154 0.3689762 0.16776536 0.78738016 0.7810884 0.2968536 0.20687428 0.7613427 0.7369815 0.2468638 0.2111936 0.67167467 0.6417739 0.32379937 0.20040645

#11.198524
x:0.16951919 0.20051986 0.11785153 0.03518321 -0.03715163 -0.23865548 0.03518321 0.102351196 0.07135052 -0.29032314 0.024849724 0.11785153 0.061017033 -0.29032314 -0.0061509525 0.11268468 0.009349386 -0.23348874 -0.042318262 0.040350065 0.040350065
y:-0.117851645 0.09915254 0.32132357 0.5538281 0.7759991 0.21282144 0.0939858 0.09915254 0.0939858 0.011317585 -0.081684224 -0.045516916 -0.019683093 -0.15918581 -0.23668729 -0.19535312 -0.13851862 -0.2935218 -0.36068976 -0.32452223 -0.28835493
a:0.1504543 0.313145 0.55247104 0.6968616 0.6764108 0.7136556 0.7770262 0.45947075 0.19596294 0.8113347 0.8082543 0.50707054 0.23291868 0.751863 0.7849348 0.3904258 0.19564758 0.6479468 0.6791657 0.49537006 0.35813436

#11.50764
x:0.13021766 0.14572573 0.0836939 -0.0041846405 -0.0713859 -0.26782003 0.0009847868 0.05784719 0.05267798 -0.3143439 -0.0041846405 0.11470981 0.18191086 -0.3143439 -0.024861919 0.13021766 0.18708028 -0.27298924 -0.055877835 0.09403253 0.15089494
y:-0.1777261 0.08073997 0.30819014 0.5511481 0.773429 0.20997295 0.10658657 0.111755885 0.111755885 0.013538817 -0.07433961 -0.048493013 -0.022646418 -0.1518794 -0.21908066 -0.18289532 -0.14671019 -0.29662034 -0.34831354 -0.32763624 -0.27077386
a:0.12783703 0.26744658 0.51929796 0.6405144 0.7191705 0.7240177 0.71310174 0.506351 0.29095036 0.81748164 0.7679502 0.48006654 0.31345415 0.74586344 0.7987095 0.44908762 0.37411195 0.6751538 0.6995206 0.56417817 0.3133746

#11.497377
x:-0.28068238 -0.179752 0.10789925 0.03724799 -0.023310026 -0.21507773 0.057434063 0.11799229 0.08266676 -0.27058932 0.062480688 0.15836443 0.12303891 -0.27058932 0.042294614 0.17855051 0.16845748 -0.23526381 0.0019224635 0.13817836 0.1987366
y:-0.041333277 0.10501566 0.26650426 0.4986439 0.7408767 0.195853 0.08482969 0.10501566 0.11006218 -0.00096112775 -0.08170543 -0.041333277 -0.026193721 -0.16749614 -0.2381474 -0.1574031 -0.117030956 -0.30879867 -0.35926384 -0.3188917 -0.24824044
a:0.073070884 0.101234674 0.5024349 0.6628395 0.5488821 0.69986635 0.7316751 0.42528698 0.2590756 0.79423034 0.8150109 0.54946613 0.33679137 0.76176506 0.7538732 0.6280584 0.40759602 0.6771806 0.6862519 0.6303191 0.4524688

#10.132289
x:-0.25919136 -0.1693171 0.10592348 0.08907195 0.049751807 -0.19740282 0.15086073 0.14524339 -0.0008025404 -0.25357428 0.1396263 0.11154058 0.0048147864 -0.25357428 0.11154058 0.14524339 0.021666083 -0.21987145 0.05536913 0.1340092 0.08907195
y:-0.05643911 0.11207545 0.353613 0.6063848 0.7917508 0.23565276 0.11207545 0.11207545 0.12330976 0.01658386 -0.07329052 -0.05643911 -0.022736175 -0.17439933 -0.2530394 -0.20810215 -0.18001643 -0.3429139 -0.39346823 -0.35976517 -0.3429139
a:0.07941847 0.14780733 0.31001946 0.488113 0.1561435 0.6579019 0.7353077 0.44181645 0.22579463 0.7552537 0.79685086 0.38678992 0.32897452 0.7579221 0.727865 0.4473752 0.27325642 0.70026374 0.71121037 0.61246413 0.3917406

#9.012587
x:-0.13833834 -0.13833834 0.09037184 0.07577331 0.04171021 -0.14807063 0.16823071 0.11470284 -0.021550134 -0.18699998 0.18282923 0.09037184 -0.021550134 -0.21619703 0.13903366 0.08063955 -0.026416373 -0.21133098 0.046576258 0.046576258 0.03197773
y:-0.18537821 0.10659232 0.28664076 0.4958863 0.7002656 0.20391576 0.11145846 0.14065552 0.121190846 0.01900116 -0.04425909 -0.019928275 -0.015062037 -0.15618116 -0.19997673 -0.17564572 -0.14644867 -0.27783543 -0.33136347 -0.32163098 -0.3118987
a:0.07555771 0.116821125 0.19740164 0.5085349 0.5177194 0.5993279 0.7004307 0.39286196 0.2872609 0.7118924 0.7080637 0.3202448 0.2386972 0.6803062 0.6778837 0.36945984 0.23131579 0.5854404 0.3844612 0.47897714 0.2299268

#10.643383
x:-0.2619592 -0.15398793 0.045759313 0.078150675 0.051157806 -0.15398793 0.21311499 0.12133922 0.018766448 -0.15938643 0.2023178 0.09974504 -0.002827921 -0.1809806 0.15912926 0.08354936 -0.013624913 -0.19717647 0.056556497 0.029563632 -0.035219282
y:-0.15424497 0.09408929 0.29383633 0.50438064 0.73651916 0.19126357 0.10488638 0.13727784 0.13187924 0.0077121095 -0.062469203 -0.024679251 0.013110702 -0.16504216 -0.21902789 -0.18123785 -0.1434478 -0.305405 -0.34859353 -0.32160068 -0.2892093
a:0.24079335 0.22288309 0.3642467 0.66773194 0.6976569 0.49358112 0.6715974 0.5127101 0.35233274 0.5772674 0.74676067 0.39376092 0.38228434 0.70347273 0.6514118 0.4486514 0.3993939 0.6795595 0.54216254 0.5050187 0.39010397

#10.724552
x:-0.30238917 -0.21220292 0.010610202 0.063661024 0.047745816 -0.13793188 0.22281331 0.11671185 0.021220405 -0.14323688 0.2122031 0.111406654 0.010610202 -0.1697623 0.14323726 0.09018644 -0.01591502 -0.1750673 0.03183061 0.053050824 0.021220405
y:-0.1439949 0.0735133 0.30693662 0.5297498 0.74195284 0.19553007 0.110648826 0.14247924 0.13186914 0.020462574 -0.053808466 -0.037893254 -0.006062838 -0.1492999 -0.21826594 -0.19174053 -0.15460491 -0.3031472 -0.34558782 -0.3349776 -0.3137572
a:0.32485843 0.31378755 0.3945099 0.7124022 0.6848925 0.56888074 0.6819721 0.47964883 0.37141004 0.69159675 0.6469878 0.3517304 0.31444898 0.7560717 0.64059114 0.41756833 0.34578156 0.6112503 0.5761653 0.5502464 0.28975204

#11.90971
x:-0.34884068 -0.2653574 -0.12969731 0.05813999 0.047704518 -0.11926183 0.23554182 0.120752305 0.01639845 -0.1401326 0.23554182 0.115534745 0.01639845 -0.17665659 0.18858254 0.105099276 0.011180712 -0.15056808 0.105099276 0.068575285 0.005962974
y:-0.15677965 0.07279929 0.28150725 0.5058684 0.7197941 0.17715323 0.10932318 0.1354117 0.11454083 0.015404531 -0.05242561 -0.026337102 -0.021119364 -0.14634417 -0.21939196 -0.17765042 -0.15156192 -0.28200445 -0.31852826 -0.2976575 -0.28200445
a:0.3353592 0.38072523 0.50567937 0.7343252 0.70745623 0.6710452 0.7660282 0.56046957 0.40367177 0.6924585 0.80263525 0.47008324 0.43213263 0.6802583 0.8035882 0.5115561 0.42860535 0.6654014 0.41952053 0.5317156 0.40699583

#11.757762
x:-0.38187665 -0.28975844 -0.16693397 0.058244143 0.053126436 -0.10040411 0.23224534 0.13500942 0.02753807 -0.13111018 0.24248075 0.12989171 0.022420362 -0.17716938 0.19130385 0.13500942 0.017302653 -0.1822871 0.06336185 0.07359709 0.048008725
y:-0.13159743 0.098698206 0.2829348 0.5183483 0.7230556 0.17546348 0.114051335 0.12428666 0.11916895 0.016815316 -0.04971463 -0.029243793 -0.019008465 -0.14183284 -0.21348041 -0.18277434 -0.14695056 -0.2953634 -0.3311872 -0.32606947 -0.30559883
a:0.22226624 0.3561413 0.4922126 0.6875762 0.6996824 0.71778727 0.7779014 0.5466677 0.4027077 0.704756 0.83657634 0.46122563 0.44917768 0.69962233 0.79227304 0.5037404 0.37966898 0.66456556 0.40399292 0.5722408 0.38697827

#12.698305
x:-0.44290006 -0.32392302 -0.16873561 0.04335395 0.048526857 -0.08596891 0.25027043 0.14681228 0.048526857 -0.106660545 0.25544333 0.14163937 0.038181044 -0.15321688 0.20371427 0.12094774 0.0123165045 -0.17908143 0.074391395 0.06921849 0.007143597
y:-0.11010921 0.10198035 0.27268657 0.48994896 0.71238434 0.15888242 0.11232617 0.122671984 0.117499076 -0.0014779737 -0.05320705 -0.032515418 -0.016996697 -0.14631955 -0.20322172 -0.1721841 -0.14114666 -0.30150697 -0.3377175 -0.30150697 -0.27046952
a:0.38864866 0.49217996 0.6031526 0.73997074 0.76583904 0.77931464 0.78288865 0.53925425 0.42488438 0.6988819 0.874856 0.4718418 0.45575473 0.7377338 0.8078299 0.5097314 0.45242628 0.650568 0.64193475 0.5048015 0.3758128

#11.021231
x:-0.4943024 -0.35666734 -0.15243444 0.03403903 0.038478658 -0.05919786 0.23827164 0.14947501 0.06955762 -0.07251737 0.23827164 0.14059512 0.047358543 -0.12579541 0.17611402 0.13171555 0.02959909 -0.19683291 0.03403903 0.060678054 0.06955762
y:-0.11776158 0.09979085 0.25962523 0.45497832 0.6680908 0.14418924 0.108670495 0.108670495 0.104230635 0.002114334 -0.042284142 -0.024524845 -0.011205177 -0.13996066 -0.18435913 -0.1577201 -0.11776158 -0.26871613 -0.2997951 -0.29535517 -0.29091537
a:0.2662205 0.34904563 0.47845376 0.6646999 0.6244503 0.7307753 0.72513187 0.46365255 0.34255967 0.66459227 0.847365 0.47065392 0.40756923 0.66147834 0.73936677 0.47098875 0.3701304 0.58173186 0.3105774 0.5107204 0.3410673

#10.920801
x:-0.5266288 -0.35115534 -0.1362002 0.03049954 0.06120719 -0.04407663 0.22790726 0.14894392 0.06998089 -0.06162404 0.23668064 0.13578367 0.034886394 -0.10549256 0.17965189 0.11823627 0.021725837 -0.18445559 0.06559404 0.06559404 0.012952131
y:-0.11907109 0.12220499 0.27574426 0.46876505 0.6486254 0.13536547 0.11781814 0.104657665 0.10027081 -0.005013249 -0.04449476 -0.026947511 -0.013786954 -0.1497789 -0.18487357 -0.1585526 -0.12784463 -0.2901577 -0.30331808 -0.2901577 -0.25944972
a:0.24372007 0.3311511 0.50579214 0.71361566 0.63438207 0.7138003 0.7157067 0.41696447 0.3102041 0.63556486 0.84061164 0.45311803 0.36942294 0.67147136 0.7819983 0.4455365 0.35326716 0.54227006 0.4740474 0.48134443 0.28681287

#11.901768
x:-0.5513033 -0.3787711 -0.13988009 0.023804484 0.050347608 -0.029282408 0.2273039 0.1653692 0.08573887 -0.038130224 0.2273039 0.13882576 0.028228391 -0.0823693 0.18306483 0.107858405 0.014956668 -0.14872791 0.08131496 0.054771513 -0.020434592
y:-0.101749875 0.11944543 0.29640165 0.4822057 0.654738 0.12829325 0.11502152 0.11502152 0.11944543 -0.01769563 -0.03981517 -0.03981517 -0.013271723 -0.16368458 -0.19022803 -0.16368458 -0.13271722 -0.30524945 -0.30967337 -0.28312993 -0.2698582
a:0.34013852 0.39034972 0.52656454 0.7681014 0.7912023 0.733567 0.7421682 0.4263936 0.25883654 0.66089237 0.803292 0.43973053 0.35245952 0.73679245 0.8530627 0.46807712 0.4395569 0.5920251 0.70615166 0.48766178 0.38474458

#11.7625
x:-0.53884566 -0.35740432 -0.13170888 0.023180328 0.032031268 -0.016648259 0.23559967 0.16036765 0.08071047 -0.034349818 0.2311742 0.12939 0.023180328 -0.074178405 0.17364405 0.1028375 0.023180328 -0.13613401 0.067434385 0.040881887 -0.034349818
y:-0.0933549 0.12791514 0.3049312 0.49522352 0.676665 0.12791514 0.10578811 0.11463897 0.10136272 -0.01812304 -0.049100846 -0.03582476 -0.009272261 -0.1641613 -0.19513927 -0.16858678 -0.14203443 -0.30134878 -0.31462502 -0.292498 -0.27037096
a:0.27932724 0.3855672 0.56654423 0.78981483 0.69785374 0.7075929 0.73630697 0.38809234 0.23275499 0.6820214 0.82236916 0.46091735 0.3656539 0.7662115 0.83926624 0.46402234 0.41926607 0.6436496 0.65778553 0.46885645 0.38862553

#12.400342
x:-0.53188103 -0.34898862 -0.12255054 0.012441342 0.042923305 -0.0049769236 0.22581573 0.14307866 0.06469614 -0.013686056 0.22146116 0.11695126 0.0037322089 -0.05723204 0.16485149 0.09953299 0.016795907 -0.12255054 0.07340527 0.03856874 -0.022395188
y:-0.08854293 0.12918587 0.30772358 0.48190662 0.68657184 0.12918587 0.098703824 0.11612217 0.098703824 -0.023224274 -0.044997267 -0.03193357 -0.01451514 -0.16257088 -0.18869828 -0.16257088 -0.14950702 -0.29320818 -0.314981 -0.28885362 -0.28449905
a:0.3753009 0.43654394 0.63422376 0.84014684 0.7253262 0.7274216 0.7953008 0.33638483 0.23226854 0.6760917 0.8968593 0.47643757 0.38837168 0.7312131 0.863752 0.5029306 0.44102842 0.6806759 0.7094033 0.52798104 0.40268123

#12.365263
x:-0.5304372 -0.35196644 -0.11690764 0.022386719 0.031092577 -0.008084102 0.22697501 0.14862198 0.06591601 -0.012437031 0.21391623 0.113798544 0.013680861 -0.05596632 0.16603369 0.09638651 0.018033791 -0.1256135 0.06591601 0.039798435 -0.021142889
y:-0.08954608 0.13245401 0.31092465 0.48068944 0.68092483 0.12810108 0.0976305 0.106336355 0.10198343 -0.028604915 -0.04601663 -0.024251986 -0.011193041 -0.16354619 -0.18531084 -0.16354619 -0.14613432 -0.29413438 -0.3158992 -0.28978145 -0.2810756
a:0.37612125 0.41750723 0.6313391 0.8584239 0.749144 0.7392394 0.7864932 0.37547782 0.26181358 0.6688292 0.87167037 0.47370547 0.3986309 0.69994944 0.85005057 0.5012529 0.45907804 0.65287673 0.6970981 0.5159668 0.38059652

#12.782425
x:-0.5365612 -0.34891748 -0.12923688 0.017216852 0.04925377 -0.02854994 0.23232093 0.14994071 0.06298365 -0.033126455 0.23232093 0.12705715 0.0126403365 -0.08347009 0.19113067 0.10875044 0.0126403365 -0.14296676 0.085867204 0.044676926 -0.023973098
y:-0.096764214 0.13206975 0.30598354 0.4936273 0.6766945 0.13206975 0.10460967 0.11833971 0.10460967 -0.018960668 -0.046420746 -0.032690708 -0.00980731 -0.16541441 -0.19287448 -0.16541441 -0.14710769 -0.3072913 -0.31186798 -0.29813793 -0.27525455
a:0.40943334 0.4621966 0.628042 0.8177009 0.80100995 0.7975204 0.7951701 0.3846887 0.27924517 0.68163997 0.8781657 0.4748741 0.38498816 0.7393922 0.8774903 0.51187384 0.45601296 0.6379863 0.76384026 0.5389551 0.4621994

#12.009125
x:-0.5016766 -0.33699054 -0.120545745 0.025319096 0.0488458 -0.045260686 0.2511746 0.15236284 0.062961966 -0.059376508 0.25587988 0.13824701 0.020613821 -0.11113519 0.19471064 0.110015035 0.0017927275 -0.18642025 0.0911936 0.03472998 -0.026439253
y:-0.07528488 0.13174918 0.30114073 0.50346947 0.6963876 0.14115982 0.11292784 0.117633194 0.10822257 -0.018821094 -0.05175835 -0.032937083 -0.023526367 -0.16939138 -0.19762336 -0.17409664 -0.1411594 -0.30584568 -0.32466692 -0.31055093 -0.2870244
a:0.2513219 0.43252242 0.5794251 0.7796296 0.61724955 0.8004344 0.78022015 0.41385227 0.31149375 0.69819176 0.87098956 0.4533625 0.37416485 0.71788716 0.8027648 0.49041435 0.4156184 0.593267 0.7081199 0.5107047 0.40748972

#12.862771
x:-0.42741463 -0.30035207 -0.14279443 0.0300108 0.035093337 -0.066556886 0.25364107 0.14182593 0.0300108 -0.0919694 0.2587236 0.13166086 -0.00048441775 -0.13262936 0.19773349 0.11133071 -0.00048441775 -0.17328948 0.10116597 0.055423148 -0.010649323
y:-0.121495955 0.09705169 0.26985684 0.48332202 0.6866222 0.15295926 0.11229921 0.11738175 0.11229921 -0.0045984536 -0.04525841 -0.024928432 -0.0096808225 -0.15199101 -0.20281604 -0.16723861 -0.13166103 -0.28921866 -0.32479623 -0.28921866 -0.26888868
a:0.36917013 0.48485586 0.57809585 0.7509859 0.7716772 0.7540296 0.76545876 0.5399279 0.4296258 0.7031539 0.8796253 0.48469025 0.42644417 0.6571505 0.8701196 0.51420426 0.45185888 0.6680528 0.76759976 0.54538465 0.45065987

