Default,1,0.0
## Data generated the 2020-07-21 labelled Default (right hand) with a global accuracy higher than 0.0, based on OpenPose estimation.
## Data format: Coordinates x, y and accuracy of estimation a

#11.015687
x:0.5521995 0.4765115 0.32911918 0.22554623 0.114006124 0.1657926 -0.029402645 -0.10509059 -0.16484426 0.114006124 -0.13695921 -0.2405322 -0.3042694 0.08612104 -0.1409428 -0.24451578 -0.29630226 0.066203184 -0.16086069 -0.13297564 -0.17281137
y:0.09276061 -0.022763113 -0.09845114 -0.16218838 -0.2139747 0.1604814 0.11267846 -0.0028452645 -0.13031976 0.15251416 0.116661996 -0.0028452645 -0.1343033 0.12462924 0.100727685 -0.0028452645 -0.13031976 0.08080983 0.068859056 0.009105511 -0.11836899
a:0.40951282 0.5386754 0.43804914 0.48252618 0.7115889 0.7500015 0.82402617 0.7156425 0.8286182 0.544808 0.78687835 0.5544912 0.53148496 0.48146635 0.468429 0.5837409 0.45562476 0.2855859 0.20953935 0.21324138 0.20175591

#11.346328
x:0.5266301 0.4862238 0.41349223 0.2599479 0.13064738 0.15893185 -0.035018925 -0.10370979 -0.1643194 0.10236289 -0.14815684 -0.26129478 -0.3219044 0.08215963 -0.15623814 -0.25725412 -0.3219044 0.07003777 -0.1643194 -0.13199426 -0.1643194
y:0.0885092 0.0076963413 -0.020588135 -0.117563434 -0.21049817 0.17336264 0.10063107 -0.024628703 -0.15392922 0.14911872 0.112752944 -0.016547399 -0.14988849 0.12487499 0.10467181 -0.016547399 -0.14584808 0.07638734 0.07638734 -0.016547399 -0.14180735
a:0.47897965 0.5424275 0.6285206 0.7718266 0.809815 0.7853414 0.7959988 0.6754807 0.825965 0.5350212 0.7696681 0.51835406 0.5291855 0.44519767 0.43128055 0.5677432 0.34517372 0.32007366 0.19141535 0.20531775 0.17354135

#11.441041
x:0.5272377 0.48206267 0.41224667 0.25208062 0.11244866 0.15351686 -0.043610595 -0.11342658 -0.16681528 0.11244866 -0.14628114 -0.2612722 -0.31876773 0.09191452 -0.14628114 -0.25305855 -0.3105541 0.08370087 -0.1709221 -0.1380675 -0.15860164
y:0.08565621 0.0076266667 -0.021121202 -0.123791754 -0.21414171 0.17189948 0.10619035 -0.021121202 -0.15253945 0.15136534 0.11029722 -0.021121202 -0.15253945 0.1267245 0.10619035 -0.01701434 -0.14843258 0.07744265 0.07333579 -0.012907477 -0.1320053
a:0.49247575 0.5567191 0.60145897 0.752649 0.6933372 0.77508473 0.8257628 0.6982385 0.77981216 0.5807583 0.85480285 0.54327524 0.5347684 0.46758872 0.45374748 0.5827844 0.3361751 0.32319877 0.19619922 0.22373547 0.16846903

#11.1856
x:0.5229243 0.4828608 0.41074648 0.25449875 0.114276454 0.15834627 -0.03395856 -0.110079266 -0.16216183 0.11027006 -0.15014277 -0.25831428 -0.3224159 0.09825105 -0.15414912 -0.25831428 -0.31840953 0.086231954 -0.16216183 -0.14613642 -0.16216183
y:0.0839427 0.0038155154 -0.024228897 -0.1283941 -0.21252733 0.17208232 0.10397432 -0.020222504 -0.14842573 0.15205052 0.11198711 -0.01621611 -0.15243211 0.13602513 0.10397432 -0.01621611 -0.14842573 0.0839427 0.07592991 -0.020222504 -0.1404131
a:0.5057976 0.5352236 0.6250189 0.7411133 0.7241626 0.7556423 0.8067131 0.67410433 0.81787676 0.5230756 0.78575015 0.5344137 0.5211046 0.43047044 0.4283767 0.56568015 0.35482153 0.26287398 0.1795502 0.23220909 0.18162271

#11.451574
x:0.538207 0.4867427 0.4075669 0.2531741 0.1106576 0.16212189 -0.031858847 -0.10311709 -0.15854017 0.09086365 -0.142705 -0.25355116 -0.312933 0.067110874 -0.15062256 -0.24959232 -0.312933 0.05919331 -0.15854017 -0.142705 -0.15854017
y:0.08973295 0.0065984023 -0.021113282 -0.1240417 -0.20717642 0.16890876 0.10160934 -0.021113282 -0.14779447 0.14911473 0.10952682 -0.017154375 -0.14779447 0.12536211 0.10160934 -0.017154375 -0.14383557 0.08577421 0.06993891 -0.021113282 -0.13987699
a:0.4643269 0.549732 0.66121 0.75301343 0.7307626 0.7805041 0.8294533 0.6722033 0.81995744 0.5221574 0.77789813 0.49855375 0.5276288 0.48615092 0.4487371 0.5759098 0.35790247 0.33978885 0.21984227 0.23146595 0.20437595

#12.607208
x:0.5486302 0.5132648 0.46611106 0.32857937 0.17532966 0.19497707 -0.029003168 -0.14295806 -0.20975922 0.104599044 -0.13509914 -0.2687014 -0.339432 0.06530432 -0.15081704 -0.25298348 -0.339432 0.04172745 -0.11545173 -0.20582975 -0.24905398
y:-0.036862183 -0.009355849 0.02208004 -0.017214777 -0.06829807 0.17925912 0.15961172 0.06923378 -0.02114433 0.1203169 0.124246456 0.02208004 -0.076157 0.05351575 0.041727267 -0.04472111 -0.14688753 -0.036862183 -0.05258022 -0.111522265 -0.17046449
a:0.45199394 0.510577 0.677366 0.6394443 0.6453856 0.67790985 0.7887502 0.5295211 0.327507 0.64008665 0.6097287 0.73650336 0.55310535 0.69009787 0.47176072 0.41140398 0.47832775 0.7283466 0.70471096 0.646691 0.6879893

#13.068301
x:0.4058515 0.47268003 0.5038668 0.45931447 0.4058515 0.053887226 -0.07085956 -0.030762395 0.018245257 -0.061949063 -0.2401588 -0.15105398 -0.066404365 -0.10650153 -0.28471127 -0.2446141 -0.17778535 -0.1287777 -0.25797978 -0.29362175 -0.20451683
y:-0.24100746 -0.07170821 0.16887498 0.31589803 0.49410766 0.17778547 0.24906929 0.17778547 0.07531486 0.053038683 0.12432251 0.0352177 -0.06279772 -0.0806187 -0.07170821 -0.12962636 -0.1875445 -0.22764166 -0.25882834 -0.25437313 -0.2855598
a:0.43301076 0.59685147 0.66443115 0.7291396 0.7529553 0.32197544 0.7863672 0.80178285 0.8117553 0.35602424 0.737442 0.6865354 0.48589075 0.31081086 0.87929106 0.72207546 0.75227207 0.481871 0.49604324 0.8196503 0.44212663

#11.794448
x:-0.32678092 -0.2067889 0.16461487 0.19889814 0.08462008 -0.25250012 0.06176447 0.17032856 0.17032856 -0.3610645 0.044622835 0.1817565 0.17032856 -0.3610645 0.010339271 0.17604253 0.14175896 -0.3039253 -0.01251634 0.118903644 0.13033131
y:0.13740577 0.2288282 0.46309823 0.36596188 0.13740577 0.33167848 0.26311162 0.18311699 0.12026406 0.108836256 0.00027216977 -0.045439053 -0.06829467 -0.1368615 -0.23399793 -0.20542833 -0.18257272 -0.37684557 -0.41112885 -0.36541763 -0.31399256
a:0.04343813 0.10548782 0.35219935 0.086140126 0.049655255 0.750494 0.81496793 0.64669347 0.5965319 0.7444457 0.83068705 0.7794372 0.54133 0.7622128 0.7919293 0.6495701 0.4456394 0.7391627 0.8410088 0.7864884 0.4369278

#9.157004
x:-0.19470571 -0.114697896 0.11690359 0.09584895 0.15059115 -0.14417449 0.1421692 0.10005992 -0.013635444 -0.21997131 0.14638017 0.07900528 0.0032082258 -0.22839326 0.09584895 0.07900528 0.0032082258 -0.2115496 0.049528696 0.057950422 0.0074191974
y:0.11590106 0.16222137 0.32644796 0.50330734 0.061158918 0.24644016 0.15379953 0.13274483 0.16222137 0.07800264 -0.03569267 -0.027270835 -0.014637974 -0.103067674 -0.19149733 -0.18728645 -0.16202085 -0.28413805 -0.32203647 -0.32203647 -0.2925599
a:0.06474395 0.13021788 0.38329542 0.09773977 0.061477643 0.6971692 0.7540438 0.29741433 0.16097422 0.7220885 0.7952263 0.35669014 0.25952157 0.73045844 0.7190507 0.3930189 0.23859589 0.6893469 0.67539173 0.5825787 0.3479603

#8.863056
x:-0.105422385 -0.09552431 0.066144064 0.06944343 0.11563427 -0.105422385 0.10903555 0.07604214 0.013354339 -0.17140938 0.112334915 0.06284471 0.0067556226 -0.1846068 0.06944343 0.05954535 -0.0064418092 -0.17140938 0.036449846 0.0397492 0.0034562645
y:-0.23189741 0.14422886 0.2696043 0.37188423 0.058445673 0.22011396 0.13433078 0.11123532 0.114534676 0.0848405 -0.0075414013 -0.0042420435 0.0023566724 -0.050432973 -0.12631813 -0.12631813 -0.103222616 -0.19560456 -0.2252987 -0.22859806 -0.21210134
a:0.05888449 0.10385333 0.10253857 0.08470143 0.09317762 0.64131093 0.734471 0.29244277 0.16093296 0.733628 0.7204672 0.35686955 0.27141252 0.72797555 0.7569166 0.4538728 0.2543931 0.672168 0.63441557 0.63270545 0.37591824

#8.943335
x:-0.29094583 -0.16602297 0.117892966 0.20306775 0.18603262 -0.20577103 0.15764102 0.14060618 0.09517975 -0.30230257 0.16899778 0.112214595 0.021361431 -0.32501578 0.112214595 0.112214595 0.015683345 -0.29662418 0.06110978 0.07246624 0.010004968
y:0.18116532 0.24930511 0.4423679 0.35151482 0.084633924 0.3628715 0.21523522 0.1698087 0.1698087 0.13006051 -0.023254078 -0.028932454 -0.011897469 -0.10842886 -0.23903008 -0.23335184 -0.19360365 -0.35827485 -0.39234465 -0.40937966 -0.35827485
a:0.06270931 0.12603405 0.16404319 0.07829736 0.06457563 0.6709315 0.8001439 0.28492323 0.17692715 0.772701 0.7248559 0.32661507 0.26531515 0.75843173 0.8015281 0.39582804 0.23445223 0.68433416 0.60858226 0.61250347 0.32960272

#8.156935
x:-0.19290848 -0.16064738 0.092833266 0.1665732 0.16196446 -0.19751722 0.12509462 0.12970336 0.08822454 -0.2666484 0.13431208 0.11126843 0.032919776 -0.27586585 0.097442 0.12509462 0.019093588 -0.26203966 0.032919776 0.055963427 -0.017776495
y:-0.12421656 0.21222146 0.3965711 0.3228312 0.07856805 0.3182225 0.19378655 0.15691657 0.1430904 0.11543789 -0.018215526 0.00021939407 0.0048281243 -0.0873466 -0.1887389 -0.16108651 -0.13804275 -0.2716963 -0.34082735 -0.31317496 -0.29934865
a:0.05984335 0.11016167 0.11852048 0.04820593 0.052950613 0.64464486 0.6921348 0.29763246 0.22767606 0.6959437 0.6956911 0.25239238 0.23067191 0.69947016 0.7445097 0.33645046 0.2031815 0.69448185 0.4771719 0.4599425 0.41525796

#8.340057
x:-0.14245032 -0.13116187 0.07203112 -0.055905167 0.1284736 -0.1499759 0.102133796 0.10965937 0.090845145 -0.20265567 0.12094782 0.090845145 0.03440267 -0.21018125 0.094608024 0.08331957 0.026877098 -0.1951299 0.06074266 0.06074266 0.011825759
y:-0.11664773 0.15803896 0.33489195 0.33865485 0.06773102 0.24082123 0.15427607 0.12793629 0.112884946 0.0752567 -0.018814124 -0.0 0.0075256694 -0.08278227 -0.15803887 -0.12793618 -0.11664773 -0.23329546 -0.2746866 -0.25963527 -0.22953267
a:0.050786167 0.09770607 0.15697831 0.048795708 0.03360836 0.64436996 0.71414965 0.31822416 0.20060095 0.71494114 0.6698783 0.30009863 0.27227795 0.6960559 0.7556102 0.3237585 0.23600788 0.6686628 0.62077427 0.45290953 0.36386323

#8.567957
x:-0.18467219 -0.11887166 0.025067085 0.020954665 0.15666816 -0.13120933 0.16900583 0.082642585 -0.011945706 -0.19289725 0.17311846 0.103205286 0.01272942 -0.22991003 0.12788041 0.09086762 0.008617001 -0.21345995 0.070304915 0.053854834 -0.011945706
y:0.103205085 0.14021787 0.30471924 0.51857114 0.045629587 0.23891869 0.12376769 0.11143013 0.14021787 0.066192195 -0.028396094 -0.028396094 -0.01605853 -0.10242168 -0.18055987 -0.17233483 -0.13943456 -0.26692313 -0.2998235 -0.29159826 -0.26692313
a:0.074285574 0.15288198 0.15342832 0.0792672 0.08180049 0.6442893 0.76406366 0.3522542 0.2704049 0.6544644 0.75840396 0.3721747 0.2652672 0.6624698 0.67822206 0.41480944 0.2452553 0.54291266 0.5124021 0.53948224 0.34941643

#7.7760377
x:-0.17957447 -0.12323744 -0.0669004 0.00704187 0.15492661 -0.14084268 0.16196866 0.07394209 -0.014084494 -0.17605335 0.1654898 0.1021107 -0.007042247 -0.1971797 0.12323706 0.10915276 0.04225254 -0.1971797 0.06690003 0.07042115 0.0246473
y:-0.24496543 0.1740412 0.28671518 0.23037814 0.06488816 0.25502563 0.14939371 0.13883053 0.15291473 0.08249349 0.0050300956 0.0085512195 0.033198614 -0.07595433 -0.13229136 -0.12524931 -0.100601815 -0.21679682 -0.2414443 -0.22736 -0.21679682
a:0.08044668 0.16434474 0.0901538 0.04579967 0.108081594 0.54346615 0.7679022 0.33656716 0.25811216 0.5899142 0.73843354 0.3113766 0.23883967 0.52776796 0.7086059 0.327717 0.21497813 0.5049006 0.45468378 0.45072907 0.31321722

#9.755149
x:-0.27338 -0.1857665 -0.07509699 -0.0059283264 -0.0059283264 -0.14426544 0.21541093 0.09090751 -0.010539699 -0.16732167 0.22002208 0.13240878 0.007905364 -0.19037767 0.1831324 0.13240878 0.035572745 -0.19037767 0.10013004 0.10013004 0.030961584
y:-0.17917971 0.13899559 0.44794837 0.6277865 0.7107888 0.19433045 0.08366072 0.106716946 0.11593937 0.0052697426 -0.07312124 -0.05006502 -0.036231328 -0.17456834 -0.22068077 -0.1930134 -0.17456834 -0.3313503 -0.3544065 -0.3313503 -0.31290546
a:0.08514217 0.16066466 0.39764273 0.5704125 0.062100664 0.6918068 0.8234443 0.38801172 0.27684683 0.6508064 0.7999094 0.36483765 0.30158386 0.6431806 0.79141665 0.41474387 0.274743 0.63599056 0.5175718 0.5232011 0.3810917

#12.378684
x:-0.36755544 -0.22914556 -0.08612201 -0.0076895934 -0.021530703 -0.11841767 0.19992526 0.089197375 -0.0030759568 -0.13225858 0.21838 0.1307203 0.015378591 -0.15071332 0.19531162 0.13533394 0.0292197 -0.15071332 0.116879195 0.10303829 0.033833336
y:-0.115121774 0.0832658 0.37854034 0.5861552 0.79377013 0.16169803 0.0832658 0.10633408 0.101720445 -0.009007534 -0.06898521 -0.0551442 -0.036689553 -0.17509955 -0.20739521 -0.18894047 -0.17971319 -0.3181231 -0.32735035 -0.3181231 -0.2950547
a:0.3911687 0.33510497 0.6319298 0.77738583 0.5993231 0.8247604 0.86054355 0.38969523 0.27489328 0.728633 0.8725723 0.45884514 0.39247045 0.75260293 0.7892201 0.504405 0.41066772 0.69631124 0.63861287 0.5840446 0.46549496

#13.372856
x:-0.3833413 -0.22609164 -0.09420482 -0.018116266 -0.013043695 -0.10942253 0.21522216 0.09855305 -0.007971125 -0.13478538 0.22536731 0.13406104 0.012319356 -0.13985795 0.20000446 0.12898847 0.022464497 -0.14493053 0.10869819 0.09855305 0.027537066
y:-0.120775335 0.09227262 0.3357561 0.5741669 0.78214234 0.15821603 0.082127474 0.112562895 0.112562895 -0.01932393 -0.07004963 -0.054831922 -0.0243965 -0.17150113 -0.20700903 -0.18164627 -0.161356 -0.31860557 -0.31860557 -0.313533 -0.28817016
a:0.4493022 0.43452457 0.68302727 0.76656693 0.7804123 0.84300613 0.8878953 0.442847 0.3615495 0.780229 0.8873192 0.45861784 0.37794906 0.83756053 0.827153 0.5262055 0.46469635 0.76077485 0.6543555 0.6841991 0.46466544

#13.125653
x:-0.3856049 -0.2616351 -0.10295386 -0.018654281 0.0011807226 -0.10295386 0.21440883 0.105315305 0.011098428 -0.10791261 0.21936758 0.1251505 0.011098428 -0.13270657 0.19457363 0.1251505 0.021015929 -0.14262407 0.10035655 0.0953978 0.03093343
y:-0.12963723 0.10342598 0.36128306 0.5794698 0.7778214 0.16789025 0.083590776 0.098467134 0.10342598 -0.015585052 -0.06517296 -0.04533776 -0.035420157 -0.1742663 -0.20897795 -0.1841839 -0.1742663 -0.30815357 -0.3279888 -0.30815357 -0.29823607
a:0.47099662 0.44207937 0.63684815 0.72918093 0.7432434 0.8302786 0.8628763 0.4366005 0.3450732 0.7878294 0.89266425 0.4838295 0.37042964 0.7778653 0.8469064 0.5534792 0.46047333 0.72624254 0.644661 0.6253406 0.4587559

#13.772
x:-0.4241812 -0.2652047 -0.13186984 -0.029304408 -0.019047925 -0.09084371 0.22710885 0.114286944 0.016849963 -0.09597194 0.22710885 0.12454363 0.011721722 -0.11648511 0.18608272 0.11941539 0.027106445 -0.12161335 0.1091587 0.098902225 0.032234684
y:-0.10354225 0.12722981 0.35800186 0.5836457 0.7887764 0.1528712 0.08107543 0.101588495 0.11184508 -0.026618235 -0.067644365 -0.052259542 -0.031746477 -0.18559451 -0.20097934 -0.18559451 -0.18559451 -0.31892937 -0.32405764 -0.31380114 -0.3086729
a:0.50396293 0.49119034 0.6788199 0.7914223 0.7854817 0.83739597 0.84336764 0.42071602 0.3598084 0.8576661 0.8999518 0.5138995 0.38148555 0.83933353 0.8958528 0.54244125 0.4940321 0.7762358 0.7668333 0.63499683 0.45710737

#13.830887
x:-0.39992616 -0.26637283 -0.117409386 -0.024949368 -0.019812655 -0.09686274 0.22161081 0.10860395 0.011007418 -0.101999454 0.22674732 0.12401408 0.011007418 -0.117409386 0.18565403 0.12401408 0.021280639 -0.1225461 0.103467435 0.09833072 0.031554066
y:-0.11129456 0.10958226 0.36641565 0.5872924 0.7927592 0.15581226 0.07876218 0.10444555 0.10958226 -0.023971157 -0.070201166 -0.049654517 -0.029107768 -0.18320782 -0.2088912 -0.18320782 -0.17807122 -0.32189795 -0.32703468 -0.31676126 -0.3013513
a:0.5155924 0.4831219 0.654006 0.83645874 0.8371709 0.8449458 0.8562894 0.44021255 0.35838023 0.85509694 0.91339207 0.5112115 0.3866645 0.8470116 0.88119787 0.56169873 0.48659027 0.75947076 0.7205026 0.64788383 0.43398803

#12.485028
x:-0.35219374 -0.23313287 -0.075972356 -0.009298304 -0.0045359004 -0.12359679 0.21453626 0.10500018 0.004988906 -0.1378842 0.21929866 0.1335748 0.019276317 -0.15693381 0.18596163 0.12405 0.02403872 -0.1521714 0.10500018 0.09071297 0.019276317
y:-0.13085385 0.09298072 0.37396464 0.5882743 0.7882967 0.17394218 0.07869341 0.09774322 0.10726803 -0.002268051 -0.0689421 -0.0689421 -0.04512998 -0.16419087 -0.21181521 -0.19276549 -0.16895337 -0.31658888 -0.3261137 -0.31658888 -0.28801426
a:0.41107878 0.34636536 0.560614 0.77147603 0.7283853 0.8004699 0.8305668 0.4125966 0.27954885 0.7314605 0.82151204 0.4622134 0.4110232 0.7570095 0.79580915 0.5322929 0.4445352 0.6981332 0.5924619 0.6582324 0.43924293

#12.280562
x:-0.23229687 -0.133983 -0.04971412 0.011146799 -0.0028979836 -0.12461982 0.17968458 0.06264453 -0.021624552 -0.16207276 0.19372955 0.10477887 -0.0028979836 -0.17611754 0.17968458 0.109460466 0.015828393 -0.14802797 0.109460466 0.081370905 0.0064652045
y:-0.171659 0.09051105 0.35268107 0.55867183 0.7880706 0.17009833 0.08582945 0.109237514 0.109237514 -0.0031211267 -0.059300352 -0.040573977 -0.040573977 -0.1622958 -0.19974856 -0.18102218 -0.171659 -0.30742562 -0.3121072 -0.3121072 -0.30274403
a:0.29368055 0.254322 0.5360443 0.6987444 0.5584591 0.70719016 0.8457758 0.4484955 0.31175643 0.78522897 0.7896894 0.46649843 0.38684857 0.79379344 0.86683273 0.50690377 0.4354687 0.73484635 0.69195926 0.67052835 0.4974968

#10.161915
x:-0.13412507 -0.12927717 -0.0032320055 -0.0032320055 -0.008079905 -0.15351667 0.18098795 0.069486484 -0.037167303 -0.20684335 0.20522745 0.11311737 -0.008079905 -0.21169125 0.18583585 0.11311737 0.001615894 -0.17775618 0.11311737 0.07918229 0.011311693
y:-0.21653914 0.11311747 0.38459942 0.63668984 0.7239519 0.21492325 0.11796537 0.13735697 0.13735697 0.021007491 -0.051710892 -0.046862993 -0.032319292 -0.17290816 -0.20684335 -0.20684335 -0.17775606 -0.3425843 -0.3522801 -0.34743223 -0.3328885
a:0.103998326 0.13621631 0.3929959 0.52200156 0.07102245 0.6676551 0.8414815 0.40994197 0.2949887 0.72483027 0.76295257 0.41466093 0.3063212 0.687238 0.7886714 0.44603306 0.3347689 0.6498469 0.56956804 0.60509676 0.43162513

