Super,1,10.0
## Data generated the 2020-07-21 labelled Super (right hand) with a global accuracy higher than 10.0, based on OpenPose estimation.
## Data format (Coordinates x, y and accuracy of estimation a):
#1 11.610662
x:0.51896834 0.48286784 0.42270038 0.27027613 0.109829545 0.14994116 -0.034572426 -0.09875107 -0.14688505 0.08175136 -0.1428739 -0.24716416 -0.30332047 0.049662065 -0.14688505 -0.24716416 -0.30332047 0.04163974 -0.17095202 -0.13485157 -0.15089622
y:0.10467212 0.012415344 -0.015662663 -0.12797537 -0.21622086 0.17687312 0.10868341 -0.011651543 -0.14803115 0.15681736 0.12071694 -0.031707484 -0.16808708 0.12472806 0.100661 -0.027696192 -0.16407597 0.08461635 0.0685717 -0.015662663 -0.1319865
a:0.52119255 0.51605684 0.5659851 0.7763959 0.81491107 0.7642498 0.78128135 0.6863967 0.78192 0.62364113 0.8594696 0.5215559 0.47184604 0.52212983 0.4193282 0.6058836 0.36104292 0.35878572 0.24939813 0.2353533 0.17383875

#2 11.105844
x:0.5400149 0.48931885 0.41522458 0.24363805 0.07985083 0.1578447 -0.04883915 -0.11123427 -0.1736294 0.107148655 -0.14243184 -0.2438239 -0.31401846 0.091549896 -0.14243184 -0.24772364 -0.30231932 0.07595114 -0.16583002 -0.13463245 -0.1736294
y:0.10324943 0.005757015 -0.021540815 -0.1307323 -0.21262579 0.17344385 0.11104881 -0.013741435 -0.14243136 0.14224634 0.11104881 -0.017641125 -0.15023075 0.107149124 0.10324943 -0.013741435 -0.14243136 0.052553292 0.075951606 -0.0059420546 -0.13463199
a:0.5354822 0.51684135 0.6417984 0.71118814 0.8203499 0.7437495 0.8016248 0.7069768 0.8193957 0.5231104 0.77351147 0.509707 0.47585884 0.36422947 0.4287877 0.562208 0.37243885 0.2565208 0.14036787 0.20495415 0.19674346

#3 10.715179
x:0.53078496 0.49562252 0.42920458 0.27292725 0.11664986 0.17134698 -0.039627504 -0.109952345 -0.17246328 0.108836 -0.14120783 -0.2545089 -0.3287407 0.08539441 -0.14120783 -0.26232278 -0.32092682 0.081487484 -0.16464943 -0.15683556 -0.19981185
y:0.09897604 0.0013026783 -0.02995277 -0.13153315 -0.22529966 0.1614871 0.118510775 0.0013026783 -0.12371928 0.14195237 0.1067899 -0.026045924 -0.15497473 0.11460376 0.09897604 -0.026045924 -0.14325385 0.06772059 0.063813575 -0.014325045 -0.10027753
a:0.53665924 0.5425799 0.6103159 0.7075672 0.77528346 0.70306 0.7836866 0.7340244 0.8003491 0.46897987 0.6795416 0.48315912 0.4448882 0.36670467 0.39682764 0.5173145 0.41416806 0.25446782 0.1614109 0.18689676 0.14729428

#4 10.514634
x:-0.38513762 -0.25420037 -0.1383713 -0.032614395 -0.012470069 -0.103119 0.23933223 0.11846716 0.017746065 -0.1333353 0.22422408 0.1386113 0.022782234 -0.15347946 0.18393578 0.13357532 0.027818227 -0.14340748 0.11343099 0.10335901 0.03285422
y:-0.101200655 0.1254215 0.3369355 0.5383774 0.5635576 0.20096228 0.09016919 0.1254215 0.13045758 0.019664496 -0.07602034 -0.020623889 -0.00047965202 -0.16163328 -0.22206573 -0.17674126 -0.1263808 -0.32278663 -0.3278228 -0.31775066 -0.27746236
a:0.41188806 0.4540878 0.5237518 0.22105195 0.031926923 0.6036022 0.7305208 0.37433952 0.37197906 0.67212254 0.8243922 0.41853896 0.36821306 0.67530125 0.81833434 0.4419351 0.31822768 0.70994407 0.58288044 0.59423304 0.36736423

#5 10.19283
x:-0.25435555 -0.16737145 -0.083609045 0.0098183695 0.14834863 -0.070722446 0.15479194 0.06458622 0.00015348064 -0.096495524 0.14512704 0.080694295 0.00015348064 -0.11260371 0.112910666 0.07102941 0.0033750716 -0.10616041 0.05492122 0.04525633 0.00015348064
y:-0.062131517 0.09250699 0.24070214 0.4436651 0.03773919 0.14727473 0.07962045 0.095728636 0.102171876 0.028074302 -0.036358442 -0.00092042156 0.011966116 -0.094347775 -0.12978573 -0.10401266 -0.07179641 -0.19421849 -0.21676986 -0.19744007 -0.171667
a:0.41804713 0.39430067 0.49467096 0.18973479 0.07019707 0.5972483 0.81163764 0.3462854 0.3559336 0.6578292 0.7972576 0.3796144 0.3249635 0.67687994 0.8174428 0.41481715 0.27809262 0.6975354 0.57287043 0.52438265 0.37308902

#6 10.226461
x:0.21815923 0.2549276 0.19609813 0.03799403 -0.028189069 -0.2487996 -0.06863434 0.060055118 0.14462249 -0.30027536 -0.061280698 0.09682349 0.082116045 -0.28189117 -0.06863434 0.07843922 0.056378216 -0.24512272 -0.061280698 0.052701395 0.085793026
y:-0.047974076 0.13954492 0.28294167 0.3160333 0.2241122 0.24249639 0.1542522 0.13954492 0.16528274 0.06600802 -0.051650897 -0.011205627 0.025562825 -0.117833994 -0.20240137 -0.15092555 -0.12151082 -0.24652338 -0.32373708 -0.2722613 -0.209755
a:0.3901854 0.33948433 0.4500897 0.3893036 0.019861108 0.6652452 0.5419468 0.56283355 0.38361928 0.6734389 0.805299 0.39648885 0.25067496 0.576019 0.7361688 0.6069257 0.3413942 0.5971297 0.62162924 0.5384756 0.34024668

#7 10.602214
x:0.22480711 0.24943197 0.18962857 0.034843493 -0.035513416 -0.24658413 -0.063656196 0.06298627 0.13686101 -0.29583395 -0.063656196 0.09112897 0.094646804 -0.2747269 -0.074209705 0.07002194 0.055950515 -0.23251271 -0.063656196 0.048914842 0.09112897
y:-0.041879088 0.13049527 0.27120906 0.32045895 0.37322658 0.21492359 0.12697743 0.13049527 0.15512021 0.049584843 -0.06650395 -0.0067006354 0.03903133 -0.12278951 -0.2107356 -0.15445021 -0.12630734 -0.25646764 -0.33034238 -0.27757466 -0.21777128
a:0.42552206 0.4353559 0.54262555 0.39568484 0.02803917 0.65875554 0.50078154 0.56042993 0.35701305 0.6728636 0.8427389 0.42505783 0.34487292 0.5752202 0.77179646 0.60982966 0.36363313 0.6193857 0.60393894 0.5451711 0.3234978

#8 11.172156
x:0.23107223 0.24554658 0.18403082 0.028431842 -0.043939766 -0.24296165 -0.07288839 0.06099906 0.12975207 -0.29000312 -0.05841404 0.09718486 0.093566276 -0.27552885 -0.069269806 0.07185482 0.06461765 -0.2284873 -0.05841404 0.05376188 0.079091996
y:-0.049970824 0.12372094 0.27208275 0.30826855 0.36978438 0.21418549 0.13457671 0.12733953 0.15266964 0.044112235 -0.07168235 0.0006892549 0.040493645 -0.1259611 -0.21642557 -0.14405397 -0.11148674 -0.25261128 -0.3358386 -0.2743228 -0.20556973
a:0.44121167 0.4043625 0.5604496 0.45571268 0.031041244 0.69242996 0.42097217 0.5833274 0.37812144 0.6974344 0.8352131 0.57726663 0.44694474 0.62005097 0.7625116 0.65103877 0.37654528 0.62520456 0.6583555 0.559383 0.39458007

#9 11.514175
x:0.11597247 0.21501045 0.19700359 0.05294841 0.007931231 -0.2486667 -0.0010722054 0.08896216 0.057450227 -0.31169087 -0.010075642 0.10696903 0.07995872 -0.31169087 -0.03708595 0.07995872 0.070955284 -0.25767013 -0.03708595 0.070955284 0.070955284
y:-0.15927504 0.079316124 0.31340545 0.28189343 0.21886939 0.27289 0.13333674 0.15134361 0.16034704 0.079316124 -0.0512338 0.011790255 0.052305814 -0.09625098 -0.1997906 -0.12326129 -0.078244105 -0.24480778 -0.33484215 -0.26281464 -0.20429222
a:0.08629091 0.22850445 0.3285302 0.14266282 0.10252121 0.7964726 0.6724644 0.6751436 0.39975736 0.7453133 0.9485013 0.8216495 0.4380745 0.73514175 0.8364092 0.6794816 0.38482648 0.6554271 0.7606201 0.6914128 0.38496926

#10 10.020602
x:-0.26046854 0.15854587 0.16232082 0.06417337 0.079272844 -0.21139473 0.037749033 0.09814745 0.07172311 -0.26424342 0.011324692 0.10192241 0.0830478 -0.26424342 -0.011324871 0.13589649 0.10192241 -0.23781908 -0.018874606 0.07172311 0.09059753
y:0.09545114 0.03127777 0.2728716 0.2539971 0.48804122 0.21624807 0.09167618 0.11432566 0.106775835 0.050152283 -0.07064473 -0.017796047 0.008628294 -0.11216872 -0.20276643 -0.16501722 -0.13859306 -0.24051547 -0.30468884 -0.26316485 -0.21409112
a:0.046904664 0.11392379 0.40023944 0.0756468 0.026142266 0.7404389 0.70016843 0.6568788 0.23127635 0.732995 0.8594469 0.67780256 0.3712817 0.7279976 0.73375857 0.6000826 0.20421255 0.65352345 0.61424625 0.5559149 0.2977199

#11 11.03259
x:-0.17824505 -0.15808451 0.10064248 0.053601272 0.13424344 -0.18496518 0.053601272 0.10064248 0.087202065 -0.2219262 0.03680079 0.11072284 0.093922354 -0.22528626 0.020000312 0.11072284 0.10736261 -0.1984056 -0.0035202932 0.077121876 0.083842
y:-0.13136366 0.14080375 0.25840694 0.37601006 0.07024185 0.20464544 0.12400327 0.10720279 0.090402395 0.05344137 -0.027200883 0.0030400138 0.013120285 -0.0977627 -0.15824433 -0.10112276 -0.07088203 -0.21872595 -0.25904703 -0.20864576 -0.16832468
a:0.04104742 0.09837704 0.31943518 0.16052434 0.09928703 0.708874 0.7930628 0.6224773 0.60168564 0.71576095 0.79690444 0.6711643 0.383595 0.72582155 0.75536656 0.71776956 0.44604123 0.6230196 0.66452676 0.6398966 0.44795337

#12 10.066152
x:-0.20696217 -0.19673574 0.08448938 0.06403654 0.079376176 -0.20184895 0.12539482 0.17141348 0.15607385 -0.27343342 0.11516841 0.15607385 0.04358394 -0.28365985 0.07426296 0.14584742 0.04869691 -0.25809377 0.007791466 0.09471556 0.05381012
y:-0.22303194 0.15534346 0.49792662 0.6564353 0.6462089 0.2627203 0.15023024 0.11443801 0.10421159 0.04285343 -0.064523384 -0.038957454 -0.038957454 -0.15144747 -0.2588244 -0.21280576 -0.17701341 -0.3406353 -0.39688012 -0.38154075 -0.3457485
a:0.04677241 0.09426694 0.2822339 0.11057927 0.047020614 0.728387 0.8728791 0.5013744 0.4086283 0.7494769 0.76073927 0.34718126 0.2771423 0.8020157 0.7831682 0.5474197 0.3320109 0.7004161 0.6716289 0.6742682 0.32854256

#13 12.0291815
x:-0.21858257 -0.14725816 -0.055555195 0.015769208 0.00048537905 -0.1268798 0.2042695 0.08709361 -0.019892992 -0.16763654 0.21955332 0.10747219 -0.009703908 -0.1982042 0.17879659 0.10237744 -0.004609163 -0.16763654 0.10747219 0.08709361 0.005579921
y:-0.18995613 0.10043633 0.3347882 0.56914 0.7729242 0.19213921 0.11062552 0.13100399 0.11572016 0.018922642 -0.062591046 -0.037118033 -0.021834202 -0.14919928 -0.21542925 -0.18486159 -0.17976694 -0.32241583 -0.33769968 -0.33260512 -0.31222677
a:0.24153522 0.15321842 0.5889469 0.7198332 0.56164855 0.6975369 0.86621577 0.531902 0.42052844 0.69786096 0.87588775 0.45100167 0.38751286 0.7140165 0.80685264 0.52015215 0.37098235 0.6641916 0.6905327 0.6178031 0.4510219

#14 13.22834
x:-0.40223137 -0.28227618 -0.1223358 -0.022373103 -0.0073786797 -0.082350604 0.23753017 0.11757478 0.007615744 -0.097345024 0.24252824 0.13256921 -0.002380408 -0.1223358 0.20254305 0.11757478 0.0126140155 -0.13233195 0.11257671 0.07758979 0.0126140155
y:-0.1394718 0.08544435 0.330353 0.54027474 0.7252058 0.16541454 0.10043877 0.120431274 0.12542945 0.0054741576 -0.06449979 -0.054503538 -0.02451469 -0.15446623 -0.1994494 -0.1794569 -0.1594644 -0.30940846 -0.31440672 -0.30940846 -0.28941596
a:0.44199926 0.4727942 0.7583079 0.74187213 0.6849474 0.8094775 0.89057523 0.5267611 0.4150355 0.7396463 0.8069376 0.45673352 0.3956612 0.7515681 0.8592399 0.51719105 0.42016107 0.69629544 0.8298322 0.5721855 0.44111708

#15 13.33952
x:-0.443663 -0.30123243 -0.14406763 -0.031105353 -0.016371116 -0.060573824 0.24393314 0.13588227 0.03274281 -0.07039665 0.24884436 0.13097085 0.008185751 -0.09986493 0.18990761 0.11623662 0.013097162 -0.11459916 0.09167956 0.062211283 0.008185751
y:-0.10524454 0.13050266 0.3416929 0.53323746 0.7198707 0.16979386 0.086300045 0.101034276 0.1108571 -0.00210518 -0.07086475 -0.051219106 -0.031573556 -0.15435857 -0.2083839 -0.18382694 -0.17400412 -0.29678914 -0.3213462 -0.30170053 -0.29187772
a:0.47859353 0.4520043 0.7822319 0.83218753 0.7373812 0.8018622 0.84730756 0.43934143 0.3273149 0.7539748 0.84736747 0.4736184 0.39188805 0.7754498 0.829375 0.55677325 0.44515485 0.7588569 0.85087377 0.55645365 0.40150923

#16 13.7300205
x:-0.4635199 -0.31468326 -0.15592407 -0.036854673 -0.017009774 -0.051738396 0.24593508 0.14174941 0.042524923 -0.066622116 0.24593508 0.13182686 0.0028351247 -0.08646702 0.20128411 0.116943344 0.017718848 -0.111273095 0.09213707 0.06236982 0.0028351247
y:-0.10394928 0.12922823 0.34256086 0.5310873 0.724575 0.15899548 0.08457716 0.099460885 0.10442206 -0.004724883 -0.06922075 -0.05433713 -0.034492232 -0.15356153 -0.1982125 -0.18332887 -0.17340642 -0.30239818 -0.30735955 -0.30239818 -0.28751463
a:0.47086585 0.4922354 0.77713275 0.8054278 0.72565436 0.8160033 0.8786313 0.43452525 0.33869225 0.8248994 0.904531 0.49659425 0.3856388 0.82336944 0.84493005 0.5873392 0.44260615 0.75441563 0.9022238 0.6031077 0.42119816

#17 13.566805
x:-0.46169564 -0.3154573 -0.15946977 -0.037604433 -0.0034820198 -0.042478956 0.24024844 0.13300706 0.040389437 -0.05222819 0.24024844 0.12325783 0.0013925014 -0.07660137 0.19637698 0.1135086 0.011141735 -0.11072359 0.084260896 0.069637135 0.0062670223
y:-0.123026 0.13045388 0.34006223 0.5301721 0.7007835 0.15482697 0.0768331 0.1060808 0.1060808 -0.00603529 -0.07427983 -0.04503213 -0.035282895 -0.15714823 -0.20101978 -0.1766467 -0.15714823 -0.2887627 -0.31313586 -0.2887627 -0.27901345
a:0.39992672 0.43683663 0.77783334 0.8182813 0.75853705 0.811032 0.8456142 0.43006533 0.3551584 0.7598479 0.84948635 0.4782038 0.41207108 0.8351752 0.9050333 0.5884417 0.45477062 0.76105875 0.87815857 0.5835378 0.42773467

#18 13.497664
x:-0.47736925 -0.33527827 -0.16378924 -0.041297052 -0.006999246 -0.03639731 0.24288487 0.14979075 0.051797077 -0.046196792 0.23798513 0.13019198 0.0076997867 -0.0804946 0.19388804 0.11059321 0.0076997867 -0.10009337 0.08119514 0.07139585 0.0028002374
y:-0.11409263 0.13089176 0.34157825 0.5277664 0.7139545 0.15539017 0.07699517 0.096593946 0.096593946 -0.006299475 -0.06999544 -0.05039667 -0.040597282 -0.14839044 -0.20718667 -0.1777886 -0.14839044 -0.29538104 -0.30518034 -0.29538104 -0.28068203
a:0.4246322 0.4437572 0.7747387 0.8476372 0.750964 0.8068106 0.8019558 0.45744815 0.33553883 0.78066987 0.8433937 0.50515664 0.3851915 0.83642274 0.87176263 0.56745136 0.42645064 0.75820005 0.86540705 0.60722125 0.40685454

#19 12.306949
x:-0.33913505 -0.22083221 -0.050475854 0.01577381 0.006309599 -0.088332884 0.22398701 0.105684005 0.006309599 -0.13092184 0.22398701 0.11988032 0.006309599 -0.15931466 0.17193367 0.11041611 0.006309599 -0.15931466 0.08202347 0.06782716 0.0015774937
y:-0.17891912 0.04822251 0.3368818 0.5308986 0.7343797 0.18545394 0.08134734 0.10974006 0.119204275 0.029294085 -0.07481252 -0.055884097 -0.018027158 -0.12213376 -0.20731194 -0.18838333 -0.1552586 -0.28302583 -0.31141844 -0.30195424 -0.2782937
a:0.3291241 0.28876346 0.63887984 0.6980746 0.56733537 0.7397614 0.8537499 0.49019668 0.38935634 0.69713223 0.85890454 0.4362204 0.42377204 0.7357341 0.8133537 0.50991523 0.3866391 0.6658284 0.7010414 0.6148827 0.46828353

